1 15
2 85
3 255
4 259
5 391
6 589
7 1111
8 3193
9 4171
10 4369
11 12361
12 17473
13 21845
14 25429
15 28243
16 47989
17 52537
18 65535
19 65641
20 68377
21 83767
22 91759
23 100777
24 120019
25 144097
26 167743
27 186367
28 268321
29 286357
30 291919
31 316171
32 327937
33 335923
34 346063
35 353029
36 360301
37 404797
38 406867
39 524851
40 531721
41 558013
42 563767
43 633727
44 705667
45 738607
46 910489
47 970141
48 1013539
49 1080769
50 1093987
51 1184233
52 1185421
53 1223869
54 1233823
55 1261807
56 1264693
57 1455889
58 1487371
59 1529641
60 1574383
61 1612381
62 1617379
63 1657531
64 1793689
65 2016379
66 2095087
67 2130871
68 2214031
69 2299459
70 2500681
71 2553709
72 2609689
73 2617963
74 2763697
75 3047521
76 3146677
77 3397651
78 3514603
79 3539017
80 3817309
81 3820909
82 3902867
83 3961219
84 4078927
85 4186993
86 4197901
87 4499707
88 4552411
89 4935883
90 4975687
91 5103841
92 5299351
93 5574929
94 5729257
95 5829877
96 5864581
97 6017299
98 6236401
99 6802531
100 6856609
101 8759011
102 9059233
103 9203377
104 9301603
105 9305311
106 9526747
107 9536899
108 9583279
109 9782347
110 9900217
111 10089997
112 10093049
113 10517557
114 11000323
115 11024077
116 11045779
117 11866609
118 13209907
119 13577869
120 13881841
121 14032033
122 14678161
123 15030289
124 15558607
125 15567163
126 15687751
127 15829087
128 16843009
129 17093077
130 17603161
131 17632421
132 17671711
133 17910091
134 18196231
135 18538087
136 18627709
137 18647023
138 19103323
139 19200091
140 19271053
141 19756171
142 19893343
143 20014411
144 20057701
145 20794801
146 21102061
147 21249607
148 21429157
149 21707869
150 21745501
151 21961201
152 22030681
153 22129969
154 22746127
155 23165143
156 24853789
157 24980677
158 25003777
159 25204327
160 26687893
161 27874645
162 28035967
163 28204489
164 28746559
165 29029873
166 29087939
167 29388487
168 29788141
169 29814247
170 30401689
171 30444457
172 31296757
173 31440397
174 31784719
175 31975327
176 32041129
177 33968107
178 34245121
179 38213761
180 41181013
181 42151591
182 42816901
183 43085617
184 43409983
185 43932181
186 45144067
187 45883741
188 46183099
189 48079147
190 49063249
191 49087417
192 50979559
193 51764917
194 52036447
195 52158877
196 55762723
197 55815439
198 58643083
199 61216429
200 61411351
201 61956121
202 62256349
203 63047359
204 63516727
205 64160401
206 64221331
207 64827379
208 65493499
209 66450931
210 67305811
211 68927821
212 70313923
213 73196047
214 73381081
215 74264821
216 74399971
217 75720559
218 76033777
219 77754037
220 77826097
221 79019221
222 79154221
223 79367947
224 79692331
225 80604499
226 83157367
227 83623935
228 86560861
229 86767909
230 90582421
231 92229763
232 96798577
233 96835159
234 97066813
235 98385601
236 99095539
237 99778069
238 101412319
239 102844723
240 104744641
241 104851363
242 104912617
243 104954779
244 106359961
245 107640121
246 107688127
247 108197489
248 109018579
249 109198093
250 109819849
251 110683327
252 111474037
253 111985903
254 112026349
255 112286047
256 112372501
257 113552599
258 117889591
259 118023043
260 127408711
261 127466359
262 128901613
263 129709093
264 130371133
265 130577521
266 130736299
267 130979983
268 131206729
269 134437549
270 134712553
271 136246111
272 136451173
273 137122861
274 137389477
275 139255213
276 139573561
277 140314381
278 140402599
279 140411461
280 140440411
281 142052917
282 146131969
283 146382001
284 153229861
285 153701941
286 154642567
287 155083837
288 158155243
289 158315389
290 161966911
291 164810641
292 165250669
293 166875103
294 167639629
295 171639889
296 172189309
297 175585777
298 175976137
299 178874209
300 180237307
301 181594681
302 184912177
303 185402491
304 185518471
305 185943757
306 187202299
307 188819779
308 189668443
309 190545637
310 191435329
311 193443979
312 193934581
313 196213837
314 197406949
315 205037869
316 206731201
317 207807097
318 209690311
319 210136477
320 218164981
321 220022167
322 220756927
323 220846627
324 229212031
325 231870073
326 232951531
327 235581727
328 237774727
329 240235843
330 241347289
331 243987409
332 244275547
333 244304341
334 247105147
335 251834161
336 253103449
337 255311599
338 256678267
339 256755703
340 256923109
341 258965851
342 261040207
343 263226289
344 268019137
345 270004099
346 275035729
347 276325099
348 278355379
349 279209323
350 286114253
351 286331153
352 292710991
353 293836981
354 294789097
355 295629331
356 296873833
357 298200271
358 299281351
359 302443231
360 309616357
361 309933427
362 311068759
363 319071409
364 320328031
365 325833889
366 328985791
367 330937153
368 331544947
369 332641597
370 339642367
371 340886107
372 341540239
373 343288111
374 343490701
375 349234339
376 351012091
377 354706951
378 354963001
379 357275839
380 358028743
381 360849301
382 361941091
383 367858147
384 369600619
385 370839253
386 376070293
387 381713581
388 383143141
389 384849571
390 389743987
391 394613017
392 397129081
393 397567507
394 404471887
395 407403949
396 408767143
397 410854711
398 412141237
399 412302073
400 416131087
401 417265207
402 422438251
403 422502187
404 430169083
405 430240441
406 430460707
407 432960457
408 433243399
409 437825767
410 438869029
411 439554361
412 440620951
413 442219441
414 442259383
415 443674369
416 448158127
417 450040501
418 450730099
419 465664531
420 468804673
421 469361371
422 472535857
423 474225601
424 474378997
425 484743991
426 496649077
427 497991397
428 505796773
429 509980693
430 514663717
431 517646179
432 520196161
433 520313341
434 520374541
435 526190839
436 526433389
437 534717871
438 538526929
439 542197531
440 546775609
441 550714621
442 551080093
443 551669017
444 564243079
445 564713113
446 578230969
447 579511813
448 579657607
449 586606441
450 591618019
451 602197933
452 606593443
453 619082293
454 625086181
455 626499541
456 633615991
457 635619037
458 646798351
459 649981597
460 652309321
461 655321549
462 657496687
463 660532687
464 660975739
465 661722277
466 663718771
467 666853909
468 672379303
469 674632687
470 680431189
471 694858711
472 697167787
473 699709123
474 708203611
475 710619979
476 712084759
477 723874321
478 726174931
479 733095283
480 736017757
481 737428117
482 741829267
483 744499159
484 753503581
485 754400011
486 756484357
487 756898897
488 758600851
489 761229121
490 762324499
491 766059247
492 767828353
493 769239967
494 775522723
495 779044801
496 783216739
497 789181831
498 807222667
499 809202577
500 817178161
501 820902889
502 821310331
503 826267963
504 831954757
505 832409419
506 835150237
507 842585071
508 846990817
509 847486399
510 848983591
511 849969751
512 862138957
513 864374701
514 874712191
515 877734523
516 880417357
517 883482529
518 884229331
519 890538511
520 891539833
521 892105891
522 894813817
523 896495071
524 901119301
525 902362819
526 904244113
527 905169037
528 907078771
529 911871979
530 913748413
531 914408149
532 918213739
533 925003561
534 928682959
535 932065447
536 936733657
537 943666807
538 944496361
539 949473331
540 955226497
541 956958043
542 961075039
543 976038277
544 984344971
545 986444083
546 986573101
547 995756647
548 1008616207
549 1012816309
550 1013071669
551 1013458477
552 1017329377
553 1020518407
554 1029122203
555 1029352837
556 1037911729
557 1038710809
558 1039183681
559 1042904857
560 1044365557
561 1047997651
562 1048712449
563 1049178901
564 1056550393
565 1061851171
566 1069261051
567 1069499479
568 1070169589
569 1073879887
570 1088670439
571 1094246437
572 1096212937
573 1100678221
574 1105251349
575 1106941117
576 1112405197
577 1115319241
578 1117441057
579 1117785397
580 1125845491
581 1126448443
582 1129151983
583 1134644449
584 1134882139
585 1145444353
586 1151916349
587 1158778057
588 1165351753
589 1183783981
590 1189377391
591 1190672887
592 1192140661
593 1192448209
594 1194756457
595 1200101641
596 1207954831
597 1210586329
598 1232720941
599 1236737239
600 1239694693
601 1249433257
602 1252475239
603 1258976767
604 1260711139
605 1270287409
606 1272281497
607 1289254909
608 1294677757
609 1296331051
610 1297206259
611 1297333759
612 1298559523
613 1305650767
614 1310643181
615 1313997661
616 1317735049
617 1324862449
618 1328713279
619 1333202359
620 1340452231
621 1341229117
622 1341726583
623 1342472629
624 1351618087
625 1361225641
626 1365446857
627 1368873697
628 1374216043
629 1382779633
630 1404301237
631 1412391007
632 1415281729
633 1418626837
634 1431655765
635 1432075387
636 1432148407
637 1436336743
638 1438910509
639 1440861889
640 1443702079
641 1445912389
642 1452068491
643 1452216361
644 1458488839
645 1459252237
646 1462502533
647 1470841201
648 1476638437
649 1477455211
650 1486728589
651 1505005399
652 1505194237
653 1508507017
654 1510264891
655 1514482987
656 1515169759
657 1521989041
658 1522198651
659 1526971027
660 1528485097
661 1537170181
662 1538805391
663 1561290277
664 1567827007
665 1569949123
666 1571472031
667 1578592471
668 1588507021
669 1592982481
670 1601667097
671 1601953369
672 1610173057
673 1617776617
674 1622468821
675 1627658509
676 1629687571
677 1645057651
678 1647616279
679 1658846767
680 1659674101
681 1668955261
682 1669537741
683 1671743767
684 1676121679
685 1685151499
686 1685304013
687 1700865583
688 1703453077
689 1718542849
690 1724488231
691 1729110763
692 1729292503
693 1732054507
694 1740751681
695 1752270661
696 1772040601
697 1773826627
698 1788152143
699 1789754377
700 1793093551
701 1800601267
702 1807007827
703 1807155169
704 1807279987
705 1814083177
706 1818650527
707 1826158567
708 1826502043
709 1827045229
710 1829168041
711 1837982359
712 1838647999
713 1839639937
714 1850467081
715 1853686969
716 1866895999
717 1867642477
718 1867926127
719 1872507631
720 1872832711
721 1875068917
722 1887320989
723 1896214009
724 1912416871
725 1925094289
726 1926764911
727 1928194393
728 1935535891
729 1937145547
730 1939428499
731 1943100517
732 1961441023
733 1964142181
734 1965100369
735 1965814969
736 1974301447
737 1981406653
738 1985804419
739 1986049171
740 1987541107
741 2000858407
742 2011664047
743 2012833597
744 2025541129
745 2034597541
746 2049668557
747 2055063469
748 2061652423
749 2070642991
750 2071000543
751 2079182029
752 2087983327
753 2103971647
754 2119885897
755 2127338383
756 2132258287
757 2137958941
758 2139142237
759 2145219397
760 2148354391
761 2149875499
762 2150939803
763 2171447149
764 2173800919
765 2183666647
766 2211280051
767 2229267559
768 2233435969
769 2237937157
770 2244345403
771 2260188373
772 2284429681
773 2301711721
774 2310733237
775 2335141969
776 2336718973
777 2365389823
778 2376028591
779 2386537357
780 2387925427
781 2395558777
782 2399627431
783 2423417851
784 2424743077
785 2451660973
786 2458626031
787 2466214453
788 2474658721
789 2475932299
790 2476332223
791 2489482627
792 2499336799
793 2500537771
794 2509457287
795 2510067433
796 2518153327
797 2522580061
798 2525210239
799 2529245479
800 2532630127
801 2546875039
802 2550763219
803 2595948151
804 2599186873
805 2613591859
806 2637572731
807 2663517511
808 2672065579
809 2690883241
810 2693731981
811 2698258357
812 2701312609
813 2706408337
814 2716199149
815 2718742657
816 2728929019
817 2750155267
818 2765381737
819 2767503259
820 2769193321
821 2781455647
822 2781758587
823 2787238273
824 2787460171
825 2800548967
826 2803452529
827 2810378353
828 2825412301
829 2833939957
830 2834586301
831 2844796321
832 2848900807
833 2860879207
834 2870200579
835 2895016153
836 2910030163
837 2924446513
838 2934445387
839 2955547813
840 2958359917
841 2963950753
842 2964993079
843 2966690203
844 2966828341
845 2979280201
846 3000642109
847 3013520071
848 3026756881
849 3035153281
850 3037559071
851 3047050579
852 3049126183
853 3059200489
854 3061418557
855 3070909201
856 3088253551
857 3101364841
858 3103628233
859 3110612053
860 3122829937
861 3132559327
862 3144794251
863 3144932743
864 3150481099
865 3154933909
866 3165553579
867 3184719253
868 3195664837
869 3202914901
870 3210325957
871 3214580449
872 3221635327
873 3224008759
874 3225219799
875 3226593151
876 3229524877
877 3256078711
878 3263860111
879 3269237833
880 3277533199
881 3278887831
882 3289107721
883 3295700377
884 3325209763
885 3330979273
886 3364243117
887 3370462609
888 3376818031
889 3378047737
890 3378809281
891 3387203653
892 3403316551
893 3404353891
894 3404737519
895 3409523287
896 3415005551
897 3419620153
898 3422779411
899 3423145679
900 3424399789
901 3427974721
902 3429453679
903 3451917379
904 3455139931
905 3460192891
906 3465640309
907 3475496137
908 3485524927
909 3497723797
910 3523322797
911 3527185747
912 3572763169
913 3578043211
914 3580290841
915 3586819081
916 3591243223
917 3602202997
918 3612964801
919 3633210877
920 3653037697
921 3677282311
922 3682853737
923 3687988921
924 3691683409
925 3692914681
926 3714551959
927 3727425001
928 3754486201
929 3769918051
930 3813305131
931 3819228583
932 3842843419
933 3843011569
934 3854034409
935 3858815101
936 3859398607
937 3872359471
938 3878205649
939 3887581699
940 3888131827
941 3896786989
942 3910076017
943 3911425249
944 3923568247
945 3923638231
946 3954328951
947 3957377119
948 3974237653
949 3975822661
950 3976407901
951 3977486563
952 3985479709
953 4003310923
954 4013984641
955 4029723097
956 4030454821
957 4074838687
958 4110730219
959 4123514821
960 4147324231
961 4157657041
962 4158910417
963 4186680811
964 4193903551
965 4194322771
966 4194796621
967 4201211059
968 4224678277
969 4229056003
970 4239543037
971 4248462451
972 4256507137
973 4258256971
974 4258682611
975 4261681999
976 4266194341
977 4271646919
978 4275165883
979 4283452417
980 4291824391
981 4294967295
982 4301776117
983 4302091039
984 4306552807
985 4319663947
986 4333023157
987 4388627839
988 4391685211
989 4395770347
990 4428753631
991 4431524359
992 4432755097
993 4437189121
994 4450190377
995 4453857607
996 4481797153
997 4506263761
998 4509994939
999 4511134993
1000 4514905921
